version https://git-lfs.github.com/spec/v1
oid sha256:18973a38091b173910ccf5883850b4809b493e2ac432c82d3973f0c226763f2c
size 45
